Recall: 0.6225296442687747, 315, 506
Precision: 0.6858054226475279, 430, 627
--- Needed for evaluating: 1.0061852931976318 seconds ---
